notebooks/PanSTARRS/PS1_20_query_tutorials/PS1_20q_multiple_detection_tutorial/q15-confirmed.ecsv
# %ECSV 1.0
# ---
# datatype:
# - {name: objID, datatype: int64}
# - {name: raMean, datatype: float64, format: .5f}
# - {name: decMean, datatype: float64, format: .5f}
# - {name: pmra, unit: arcsec / h, datatype: float64, format: .4f}
# - {name: pmdec, unit: arcsec / h, datatype: float64, format: .4f}
# - {name: epochMean, datatype: float64, format: .4f}
# - {name: nDetections, datatype: int16}
# - {name: nz, datatype: int16}
# - {name: ny, datatype: int16}
# - {name: zPsfMag, datatype: float64, format: .2f}
# - {name: yPsfMag, datatype: float64, format: .2f}
# - {name: objname, datatype: string}
# - {name: dra, unit: arcsec, datatype: float64}
# - {name: ddec, unit: arcsec, datatype: float64}
# - {name: vmag, datatype: float64}
# - {name: rapm, unit: arcsec / h, datatype: float64}
# - {name: decpm, unit: arcsec / h, datatype: float64}
# schema: astropy-2.0
objID raMean decMean pmra pmdec epochMean nDetections nz ny zPsfMag yPsfMag objname dra ddec vmag rapm decpm
129611284619220477 128.46185806888568 18.008250622132042 -0.7786671913181232 -1.5526769195146108 55903.47675334774 4 4 0 18.35541674079721 "" "29469 (1997 UV2)" 0.078 -0.151 18.8 -0.7223 -1.764
129630656125412408 65.61263540007634 18.02652781509275 1.3926546184501674 -0.7192911082686625 55462.50179939445 4 0 4 "" 16.954162797248255 "7152 Euneus (1973 SH1)" 0.085 -0.0003 17.7 1.516 -0.7289
129760498383380611 49.83835243167556 18.13347293513611 0.24961127868497607 1.1930077574004647 55815.54152603853 4 2 2 19.785781158190176 19.744404657583345 "20656 (1999 TX258)" 0.096 -0.009 20.2 0.3184 1.14
129900010201292200 1.02006385119621 18.25138893645404 -5.9840123118598125 1.9241005722280224 56151.608385202846 4 4 0 19.772685375473845 "" "155757 (2000 SY132)" -0.083 0.107 19.9 -5.668 1.787
129930459984022365 45.998445778637155 18.276515001619313 0.700109754451888 -0.6816459772639297 55568.35269190541 4 0 4 "" 17.856770060677647 "22718 (1998 SY15)" -0.031 0.045 18.5 0.6734 -0.7024
129970460789567204 46.078948006083635 18.313786560825047 -0.8681070574100631 -1.7883400672834566 55568.35234561138 4 0 4 "" 19.008637736847845 "14681 Estellechurch (1999 XW108)" -0.055 0.024 19.6 -1.235 -1.274
130660465944024446 46.594352312809356 18.886506409536967 -0.6989104396199805 -0.8968115974071644 55815.54235013141 4 2 2 19.828472082919447 19.657171847356175 "50351 (2000 CE70)" -0.019 0.055 20.3 -0.6511 -1.005
130890770556632387 77.05568572825003 19.07661741146827 0.23781967974895776 1.9749174111779229 55966.3300272047 4 0 4 "" 19.792955691441882 "60218 (1999 VP92)" 0.078 0.03 20.3 -0.4261 2.029
130981460922020958 146.09232418360816 19.150451678439033 3.178310760201497 2.6378622469873876 56288.66666260656 4 0 4 "" 17.694598367321007 "31660 Maximiliandu (1999 HY10)" -0.069 0.051 18.3 3.124 2.978
131030992848875952 99.28492884196818 19.19631679499264 0.7028830085037734 3.022992011565139 55508.62889168621 4 4 0 18.3873233723614 "" "50969 (2000 GO87)" 0.064 0.018 18.5 0.6712 3.028
131161305536862962 130.55362587321497 19.30192716035839 -2.3995786618660704 -1.3019327183778273 55903.47726542831 4 4 0 19.64688900505332 "" "174979 (2004 DP52)" -0.059 0.019 20.2 -2.422 -1.177
131170604840529406 60.48394433894829 19.31569543014772 -1.358869176313691 -0.18946996752379333 55588.30984081605 4 0 4 "" 19.30166828013944 "22203 Prothoenor (6020 P-L)" 0.034 0.083 19.7 -1.629 0.1481
131171299003373430 129.90038978917588 19.310652789572146 6.281223456441791 0.5488253610028028 55895.66271638419 4 0 4 "" 17.492012583930258 "4151 Alanhale (1985 HV1)" 0.106 0.315 17.2 5.72 -0.528
131331413616545172 141.36151093731257 19.445393379204393 -2.426757273933932 -2.538660576510933 55548.504734197 4 0 4 "" 18.50759172759973 "43948 (1997 AU12)" 0.018 0.04 18.4 -2.518 -2.231
131631293832851587 129.38343526135807 19.692533017429362 6.696614057208315 -0.69395965088339 55895.66234969938 4 0 4 "" 16.24258470162558 "2464 Nordenskiold (1939 BF)" -0.065 -0.054 16.5 6.39 -1.213
131780615134453494 61.51350030593948 19.81904009524125 -0.27941360404458093 -2.2874832282689743 55462.49752510711 4 0 4 "" 18.19210996573969 "18060 Zarex (1999 XJ156)" -0.055 -0.004 18.5 -0.4759 -2.233
131961340521992004 134.0522230248629 19.967858322582718 3.4385407822132006 0.7003949232689519 55897.66062748059 4 0 4 "" 18.63002237800275 "18930 Athreya (2000 QW27)" 0.031 -0.035 19.3 3.783 0.5954
131980639971965872 63.997302591803 19.98783017381866 2.5640016300936934 1.52076834846851 55588.3123984628 4 0 4 "" 18.271097365137994 "16178 (2000 AT127)" 0.039 -0.025 18.9 3.199 1.477
132021341384899023 134.13843484513353 20.023802414184114 -1.3724028377844621 2.4443346347173307 55903.48109385773 4 4 0 18.499464165879658 "" "18930 Athreya (2000 QW27)" 0.042 0.038 19.2 -1.374 2.412
132081241731624808 124.17305885962973 20.070210055153588 -6.1111984055897075 -1.1127696263149014 55894.66227729169 4 0 4 "" 19.687041066532185 "172700 (2004 BJ24)" 0.017 -0.045 20.4 -7.21 -2.722
132191139784026851 113.97842296124908 20.163527440717655 1.8343121475054387 -2.2949561388123847 56246.6424067731 4 4 0 17.373951204693803 "" "5941 Valencia (1982 UQ6)" 0.191 -0.041 17.9 1.884 -2.278
132231290916259599 129.09165162653497 20.199243125486934 3.4798493259616805 1.7313054615429848 55895.66236222717 4 0 4 "" 16.290304150884772 "3981 Stodola (1984 BL)" -0.109 0.023 16.8 3.433 1.812
132231441656489785 144.165617722105 20.19935099586151 -0.19875007640094727 -0.627377171540431 55546.52660530225 4 4 0 18.866830181498493 "" "36048 (1999 RR17)" -0.043 0.021 19.3 -0.1875 -0.6028
132250772759344084 77.27593267055599 20.211294106874877 -0.6153772378194646 0.26329394852375887 55966.33126116972 4 0 4 "" 15.349274305643783 "1256 Normannia (1932 PD)" -0.012 -0.06 16.2 -0.5806 0.2133
132511340390300763 134.03901868112123 20.42522698191381 -1.7955661220065275 3.25712693845245 55897.66079544714 4 0 4 "" 19.64898096182175 "12580 Antonini (1999 RM33)" -0.104 0.153 20.0 -2.471 2.88
132541690988838436 169.09889536085743 20.456661810598256 1.6374616159803772 8.785158846361691 55934.65894135359 4 0 4 "" 18.59651745947991 "33798 (1999 TO95)" 0.071 0.116 19.1 2.068 9.374
132690769766110633 76.97672573088214 20.57507847096959 2.472168677278099 0.03371605351931854 55966.33067905515 4 0 4 "" 18.890779834517573 "39038 (2000 UE80)" 0.057 -0.002 19.5 2.359 -0.1288
132880683471858845 68.34725936907431 20.74034569440428 1.9964326214590469 1.911845234030113 55460.50974505882 4 4 0 19.931915034051045 "" "65240 (2002 EU106)" 0.024 0.043 20.6 2.049 1.705
132981222809668684 122.2809026893435 20.823371402052267 -4.918456974871761 -6.500041642960173 55894.66185826381 4 0 4 "" 18.609794209617704 "41919 (2000 WW156)" -0.2 -0.004 19.2 -5.271 -5.981
133091180183862311 118.01842295715117 20.909869141730276 0.681959779675329 2.154750076879692 55641.33528303089 4 0 4 "" 18.681223705263523 "16200 (2000 BT28)" -0.007 -0.034 19.2 1.132 2.225
133170568890239594 56.88906388413283 20.982593303354484 0.5671259299833099 2.606997311398651 55935.40127411981 4 0 4 "" 16.10855829728889 "2571 Geisei (1981 UC)" -0.153 0.022 16.5 0.5231 2.671
133350837129846383 83.71303337912893 21.12996641463136 0.44894176425040694 2.831062390821015 56219.64068042827 4 0 4 "" 19.488783564945162 "101313 (1998 SA142)" 0.818 0.196 19.7 0.2617 3.204
133400447739773611 44.774052351377684 21.16917455988046 1.8962951278672227 -0.3434069030417652 55935.21037597944 4 0 4 "" 18.76031885526202 "15145 Ritageorge (2000 EF117)" -0.086 -0.06 19.5 1.894 -0.2272
